####
#
#	OBJ File Generated by LightWave3D
#	LightWave3D OBJ Export v2.3
#
####
o ropes_rigid_body.obj
mtllib ropes_rigid_body.mtl
g default
v -1.3 -1.1 -0.45
v 1.2 -1.1 -0.45
v 1.2 -1.1 0.125
v -1.3 -1.1 0.125
v -1.3 1.125 -0.45
v 1.2 1.125 -0.45
v 1.2 1.125 0.125
v -1.3 1.125 0.125
vt 0 0
vt 0 1
vt 1 0
vt 1 1
vn 0.666667 -0.333333 0.666667
vn -0.333333 0.666667 0.666667
vn -0.666667 -0.666667 0.333333
vn 0.333333 -0.666667 -0.666667
vn 0.666667 -0.333333 0.666667
vn -0.666667 -0.666667 0.333333
vn 0.333333 -0.666667 -0.666667
vn -0.57735 -0.57735 -0.57735
vn -0.666667 0.333333 -0.666667
vn 0.333333 -0.666667 -0.666667
vn -0.666667 0.333333 -0.666667
vn 0.666667 0.666667 -0.333333
vn 0.333333 -0.666667 -0.666667
vn 0.666667 0.666667 -0.333333
vn 0.666667 -0.333333 0.666667
vn 0.666667 -0.333333 0.666667
vn 0.666667 0.666667 -0.333333
vn 0.57735 0.57735 0.57735
vn 0.333333 -0.666667 -0.666667
vn -0.666667 -0.666667 0.333333
vn -0.57735 -0.57735 -0.57735
vn 0.666667 -0.333333 0.666667
vn 0.57735 0.57735 0.57735
vn -0.333333 0.666667 0.666667
vn -0.57735 -0.57735 -0.57735
vn -0.666667 -0.666667 0.333333
vn -0.666667 0.333333 -0.666667
vn -0.666667 -0.666667 0.333333
vn -0.333333 0.666667 0.666667
vn -0.666667 0.333333 -0.666667
vn 0.666667 0.666667 -0.333333
vn -0.666667 0.333333 -0.666667
vn -0.333333 0.666667 0.666667
vn 0.666667 0.666667 -0.333333
vn -0.333333 0.666667 0.666667
vn 0.57735 0.57735 0.57735
g Material__1
usemtl Material__1
s off
f 3/3/1 8/1/2 4/1/3
f 2/4/4 3/3/5 4/1/6
f 2/4/7 1/2/8 5/2/9
f 2/4/10 5/2/11 6/4/12
f 2/4/13 6/4/14 3/3/15
f 3/3/16 6/4/17 7/3/18
f 2/4/19 4/1/20 1/2/21
f 3/3/22 7/3/23 8/1/24
f 1/2/25 4/1/26 5/2/27
f 4/1/28 8/1/29 5/2/30
f 6/4/31 5/2/32 8/1/33
f 6/4/34 8/1/35 7/3/36
